,27-

(37, 5) 113311331 331, 331 3311333, 13 33 1313313333131133
13131, dass auch 1331331333313313 3133 13133 stamme,
was 133 13 Z. 13 13313 vorkommende optimi maximique
principes 1331111133, mit 3331313333 133133313Ρ3313133 3331
33331 (1. 30 33. 11. 13 33333. (27, 1). 1. 16. ξ 1. 1). 13
113 quae ut ind. (34, 9) 331. 1. 8. 11. 13 33331333110,
5) Fr. 1131. 294) 113 333133331331131333 13 3313331133333333
zu bezeichnen 311331. 113 333 3133 1313331131 Paulus 331
1113133 33133 331331313331133333333 33331313133 13133, 33
31133133 13 133 mit Paul. 313331311313311311333 3133331333
33133 stechen. 131 13113 11333 33333 Vermuthung durch
313133 1131333 3313333333 1131311313 113 3113 8131133 131133
11111133 333 1331331311 3313133 33113333, 333333 3331133.

11331331 des Fragments 331333331, 3131 133Ι 1133331133 ,

133 1131313313 331311333 333333 3133333313 133 31333 und
des 331333113113 333113133333331 1313333133, 133 133
13131333313313133333113313313313111113333. ’313 3333133333
Ι311111 133 333333133331113113 3111113 313133331113333313
133133333313 133 beiden 831133 133 1131313313 (S. 512).

Ein 13313111333133113311333 (S. 518) 33131 131331 an, dass .

von 113333 333333 133 83131313131133, welche 113 1133-
133131333 133 Ρ3333313313 133311313, 1311131331 3333313133 ⁴
werden 1313333. Es ist dieses um 33 mehr 33 13133333,
313 31333311331331333113131111113131311 darauf 33133· ’
1333333, 13 3333133131333111331 31311133 3333333313-
33133113331331133331113113, z. 11. 31 ausser dem 1333333
3331 313 3313333 und welcherhand 33131133 131, 3333313333.
1133 33313 111311 33131 333 133 1333333133 331 133
1331333313 20 33311113131133, 333333 113 14. 3333 33-
133133131, 113 11131333 13133 3331 umen 33 immer mehr
ehnehmend 333 3333133 1113313 3133 331131 333 3331313133
3333133. 13133 neue Responsum - im 1133333 3131 deren
1133 - ist 13331 31333 33333313333133 3333333 1311131· <
buohstaben 3333333131331. 13 Z. 20 131 3131333113333
Ρ mit 11113133 33331133. So 13313113333313, 313333133 333
13311333331331313133333133, 13 Z. 1 113 63

 

